87170
93145
171383
171385
185645
191960
201858
205593
206519
206520
206521
206523
206534
206868
207060
207416
208416
208749
208919
208947
209137
209159
209161
209162
209189
209192
209200
209240
209245
209246
209253
209254
209275
209302
209303
209335
209336
209337
209390
209391
209400
209411
209456
209468
209469
209520
209555
209571
209598
209602
209603
209604
209606
209618
209631
209639
209669
209735
209739
209798
209898
209899
209906
209914
209916
209923
209925
209930
209944
209954
210082
210083
210092
210105
210106
210107
210108
210128
210129
210136
210148
210177
210178
210180
210182
210193
210221
210243
210258
210293
210301
210310
210332
210336
210339
210351
210353
210358
210360
210368
210390
210397
210435
210441
210443
210444
210455
210467
210488
210513
210537
210558
210596
210633
210676
210697
210723
210753
210754
210757
210777
210818
210821
210827
210828
210873
210891
210914
210917
210926
210936
210942
210943
210953
210980
210989
211007
211057
211070
211077
211117
211131
211134
211139
211178
211201
211202
211204
211205
211206
211207
211211
211236
211254
211257
211283
211285
211286
211329
211331
211351
211355
211357
211386
211387
211409
211432
211443
211451
211456
211476
211477
211482
211486
211493
211499
211516
211522
211533
211544
211548
211555
211556
211585
211592
211603
211617
211618
211620
211634
211639
211641
211647
211648
211661
211663
211664
211665
211666
211669
211670
211672
211674
211697
211700
211706
211711
211720
211722
211725
211726
211727
211729
211737
211738
211741
211744
211749
211750
211751
211753
211755
211756
211760
211761
211762
211763
211764
211765
211766
211767
211768
211769
211770
211771
211772
211773
211774
211775
211776
211777
211778
211779
211780
211781
211782
211783
211784
211785
211786
211787
211788
211789
211790
211791
211798
211807
211814
211828
211830
211835
211836
211841
211843
211862
211889
211893
211904
211925
211970
212006
212018
212033
212034
212046
212053
212067
212068
212071
212095
212103
212112
212120
212129
212146
212148
212161
212190
212198
212199
212206
212237
212255
212259
212265
212266
212269
212271
212276
212278
212279
212282
212283
212292
212293
212296
212297
212334
212335
212351
212356
212357
212358
212359
212360
212361
212363
212372
212380
212398
212399
212404
212406
212408
212421
212427
212428
212429
212432
212439
212442
212444
212465
212477
212492
212494
212497
212499
212508
212513
212515
212518
212553
212585
212587
212588
212590
212591
212596
212604
212611
212612
212615
212616
212617
212621
212622
212623
212624
212625
212626
212627
212629
212633
212639
212658
212681
212702
212717
212727
212732
212733
212734
212735
212736
212737
212738
212739
212743
212763
212764
212765
212766
212778
212781
212783
212806
212826
212829
212836
212851
212862
212886
212891
212896
212899
212900
212902
212903
212904
212910
212912
212913
212914
212915
212916
212931
212932
212938
212941
212950
212956
212958
212968
212973
212978
212984
212985
212986
212987
213017
213026
213029
213030
213031
213032
213033
213036
213041
213047
213048
213049
213051
213059
213060
213068
213072
213073
213086
213087
213099
213103
213108
213126
213139
213141
213143
213148
213158
213181
213195
213203
213207
213222
213223
213226
213229
213233
213234
213270
213279
213283
213284
213288
213290
213293
213294
213303
213304
213305
213307
213308
213310
213312
213313
213321
213322
213328
213329
213333
213357
213359
213367
213370
213373
213380
213389
213392
213395
213397
213405
213406
213407
213450
213470
213474
213476
213478
213485
213492
213501
213502
213513
213520
213521
213526
213527
213528
213529
213531
213543
213566
213571
213572
213573
213574
213575
213576
213577
213578
213579
213580
213581
213582
213583
213584
213585
213586
213587
213588
213589
213591
213608
213609
213610
213628
213630
213631
213638
213640
213642
213649
213655
213656
213660
213661
213662
213663
213664
213665
213666
213667
213668
213670
213671
213672
213678
213686
213689
213700
213709
213718
213719
213722
213728
213739
213742
213743
213744
213745
213746
213747
213748
213750
213783
213785
213802
213803
213805
213808
213813
213822
213823
213828
213829
213830
213831
213833
213836
213845
213870
213872
213883
213885
213886
213894
213897
213899
213911
213915
213916
213959
213967
213968
213972
213977
213986
213995
213996
214009
214011
214024
214026
214027
214036
214040
214046
214047
214056
214058
214059
214062
214063
214068
214079
214080
214082
214085
214090
214091
214093
214094
214095
214096
214099
214100
214102
214105
214106
214107
214108
214109
214110
214112
214113
214114
214116
214118
214119
214121
214122
214137
214147
214149
214150
214154
214155
214159
214160
214161
214162
214163
214170
214171
214173
214176
214177
214179
214192
214200
214206
214207
214216
214233
214234
214237
214244
214245
214250
214255
214263
214268
214275
214307
214318
214320
214333
214342
214343
214359
214365
214371
214376
214394
214396
214402
214422
214429
214431
214458
214459
214462
214465
214466
214469
214472
214474
214477
214479
214480
214488
214500
214501
214506
214512
214513
214517
214518
214519
214520
214524
214526
214527
214540
214541
214552
214553
214558
214559
214560
214561
214562
214563
214564
214565
214568
214569
214570
214571
214572
214573
214575
214576
214578
214579
214580
214581
214582
214583
214584
214587
214589
214599
214603
214606
214615
214619
214628
214645
214647
214648
214650
214651
214652
214654
214656
214657
214658
214659
214663
214668
214671
214688
214692
214703
214717
214719
214720
214723
214728
214730
214733
214736
214742
214744
214755
214759
214760
214774
214792
214793
214794
214795
214798
214800
214806
214807
214808
214810
214815
214816
214818
214819
214820
214825
214827
214828
214829
214830
214832
214834
214835
214837
214838
214839
214840
214842
214843
214846
214847
214850
214852
214855
214860
214862
214863
214865
214870
214872
214876
214879
214881
214884
214890
214891
214897
214907
214916
214918
214920
214921
214930
214931
214962
214964
214969
214970
214971
214972
214973
214985
214992
215003
215005
215006
215008
215012
215024
215026
215027
215028
215030
215032
215033
215037
215039
215050
215060
215061
215068
215078
215079
215080
215081
215082
215086
215087
215089
215091
215092
215093
215094
215095
215096
215097
215098
215099
215100
215101
215102
215103
215104
215105
215107
215108
215109
215110
215111
215125
215131
215132
215133
215134
215135
215136
215140
215141
215143
215145
215146
215149
215150
215152
215153
215155
215157
215158
215159
215160
215161
215162
215163
215164
215165
215169
215170
215171
215172
215180
215184
215186
215193
215195
215206
215232
215234
215243
215248
215256
215275
215277
215279
215280
215281
215282
215283
215284
215285
215286
215288
215289
215290
215291
215293
215294
215297
215299
215300
215309
215322
215334
215336
215337
215338
215340
215343
215347
215350
215353
215362
215363
215365
215366
215384
215386
215389
215390
215393
215407
215414
215419
215420
215421
215429
215433
215444
215453
215457
215461
215462
215469
215478
215489
215490
215491
215492
215493
215494
215495
215496
215507
215515
215520
215528
215534
215538
215539
215547
215549
215550
215551
215552
215553
215557
215560
215581
215593
215594
215599
215620
215624
215627
215635
215636
215647
215651
215656
215661
215662
215689
215694
215696
215703
215704
215705
215710
215761
215765
215768
215776
215781
215782
215783
215804
215810
215813
215814
215819
215821
215822
215838
215839
215840
215842
215844
215845
215846
215847
215848
215849
215850
215851
215852
215853
215854
215855
215857
215858
215859
215860
215861
215862
215863
215868
215871
215878
215881
215884
215888
215898
215904
215917
215918
215921
215936
215937
215942
215947
215949
215959
216221
217038
217214
217433
217438
217441
217442
217443
217632
217763
217768
217866
218181
218248
218553
218555
218573
218621
218784
218785
218838
218873
218956
218987
219056
219150
219201
219238
219391
219422
219437
219439
219479
219557
219580
219586
219587
219667
219671
219673
219689
219751
219760
219885
219922
219938
219945
219953
219954
220045
220047
220051
220052
220137
220143
220185
220195
220218
220227
220256
220257
220258
220261
220262
220265
220266
220268
220275
220276
220277
220279
220282
220297
220298
220301
220304
220305
220306
220321
220327
220344
220351
220352
220357
220358
220360
220361
220363
220365
220366
220368
220372
220373
220376
220379
220381
220382
220383
220385
220390
220394
220398
220400
220401
220403
220408
220409
220413
220416
220417
220418
220420
220421
220422
220425
220427
220442
220445
220447
220448
220449
220450
220451
220453
220455
220457
220460
220465
220466
220467
220469
220471
220474
220475
220476
220482
220483
220484
220489
220490
220493
220495
220497
220503
220508
220509
220511
220512
220544
220545
220549
220550
220552
220553
220554
220556
220561
220581
220583
220584
220585
220586
220587
220592
220594
220596
220599
220600
220602
220603
220605
220606
220609
220610
220611
220613
220614
220615
220617
220619
220620
220621
220623
220628
220630
220635
220636
220640
220642
220643
220645
220647
220648
220651
220655
220664
220665
220668
220671
220672
220673
220674
220676
220683
220684
220688
220690
220691
220692
220693
220694
220695
220696
220697
220701
220705
220707
220709
220710
220712
220713
220717
220718
220720
220721
220722
220724
220725
220727
220728
220734
220735
220736
220737
220738
220739
220740
220742
220743
220747
220748
220749
220752
220754
220755
220757
220758
220760
220761
220763
220767
220768
220769
220777
220778
220779
220780
220785
220786
220788
220789
220802
220806
220809
220812
220813
220814
220816
220818
220819
220820
220822
220832
220833
220840
220843
220844
220845
220847
220848
220849
220850
220851
220855
220857
220861
220864
220865
220866
220867
220868
220869
220870
220873
220874
220875
220877
220878
220879
220882
220883
220884
220885
220886
220887
220888
220889
220890
220894
220896
220900
220903
220904
220905
220906
220909
220912
220913
220914
220915
220916
220918
220919
220920
220922
220929
220930
220931
220933
220935
220942
220944
220951
220952
220954
220974
220975
220976
220978
220979
220980
220982
220984
220991
220992
220993
220994
220995
220996
220997
220998
221002
221005
221007
221008
221011
221012
221014
221015
221018
221019
221020
221021
221022
221024
221025
221027
221028
221029
221031
221032
221034
221035
221036
221037
221040
221041
221044
221045
221051
221052
221054
221056
221057
221058
221059
221061
221062
221063
221064
221065
221066
221067
221069
221070
221071
221072
221073
221074
221075
221076
221079
221080
221082
221083
221084
221088
221092
221094
221095
221096
221097
221098
221099
221104
221105
221107
221108
221109
221110
221111
221112
221114
221115
221116
221117
221118
221119
221120
221121
221124
221125
221126
221129
221130
221131
221132
221135
221136
221137
221138
221139
221140
221142
221145
221146
221147
221149
221150
221151
221152
221156
221165
221167
221168
221169
221171
221172
221175
221176
221178
221179
221180
221181
221182
221183
221184
221185
221188
221191
221192
221194
221195
221196
221198
221199
221200
221201
221202
221203
221204
221205
221210
221211
221212
221213
221214
221215
221216
221217
221218
221219
221220
221222
221223
221224
221226
221228
221229
221246
221247
221248
221249
221250
221251
221254
221256
221257
221258
221259
221267
221273
221274
221276
221277
221279
221285
221286
221295
221296
221299
221300
221302
221304
221305
221306
221307
221309
221310
221311
221312
221319
221321
221323
221325
221327
221328
221329
221331
221332
221333
221335
221337
221338
221340
221342
221348
221349
221350
221352
221353
221356
221361
221362
221363
221364
221365
221366
221367
221368
221369
221370
221371
221372
221373
221374
221375
221377
221387
221388
221389
221392
221398
221401
221403
221404
221405
221406
221407
221408
221411
221418
221420
221421
221422
221424
221425
221427
221428
221429
221430
221433
221435
221436
221438
221439
221440
221441
221442
221443
221444
221445
221446
221447
221448
221449
221450
221451
221453
221454
221456
221457
221459
221460
221461
221463
221464
221466
221468
221471
221472
221473
221474
221476
221477
221478
221479
221480
221481
221482
221483
221484
221485
221487
221504
221506
221507
221508
221509
221510
221511
221512
221513
221514
221515
221516
221517
221518
221519
221524
221527
221531
221533
221534
221535
221537
221539
221540
221541
221542
221543
221545
221547
221549
221550
221551
221553
221554
221555
221559
221562
221565
221566
221567
221568
221569
221571
221572
221573
221574
221575
221576
221577
221578
221580
221581
221582
221584
221585
221586
221587
221588
221589
221590
221593
221594
221595
221598
221601
221602
221603
221605
221606
221607
221610
221611
221612
221613
221614
221615
221616
221617
221618
221619
221620
221621
221622
221623
221624
221625
221626
221627
221628
221630
221632
221633
221634
221636
221637
221638
221640
221642
221643
221644
221645
221646
221647
221648
221650
221651
221653
221657
221660
221661
221662
221663
221664
221665
221668
221669
221671
221672
221677
221678
221679
221680
221683
221685
221686
221687
221688
221689
221690
221691
221692
221693
221694
221695
221696
221697
221699
221700
221701
221702
221703
221704
221705
221706
221707
221708
221709
221710
221711
221713
221715
221716
221717
221720
221722
221723
221724
221725
221726
221727
221728
221729
221731
221732
221738
221739
221740
221741
221742
221743
221744
221745
221746
221749
221751
221752
221755
221756
221757
221758
221759
221760
221761
221763
221765
221766
221768
221770
221771
221772
221775
221776
221777
221778
221779
221781
221784
221785
221786
221788
221789
221790
221791
221793
221794
221795
221796
221797
221798
221799
221801
221802
221805
221806
221807
221808
221809
221810
221811
221812
221813
221814
221815
221816
221817
221818
221819
221820
221822
221826
221827
221828
221830
221832
221833
221834
221835
221836
221837
221840
221841
221842
221843
221844
221845
221846
221847
221848
221849
221850
221851
221852
221853
221855
221856
221857
221858
221859
221860
221862
221863
221864
221865
221866
221867
221868
221869
221870
221871
221872
221873
221874
221875
221877
221878
221879
221880
221881
221882
221883
221884
221885
221886
221887
221888
221889
221890
221891
221892
221893
221894
221895
221896
221897
221899
221900
221903
221905
221906
221907
221909
221910
221911
221912
221913
221914
221915
221916
221917
221919
221920
221922
221923
221924
221926
221927
221928
221929
221930
221931
221932
221933
221934
221935
221936
221937
221938
221939
221940
221941
221942
221943
221944
221945
221946
221947
221948
221949
221950
221951
221952
221954
221955
221956
221958
221959
221960
221961
221962
221963
221964
221965
221967
221968
221969
221971
221972
221973
221974
221975
221976
221979
221980
221982
221984
221985
221986
221987
221988
221989
221991
221992
221994
221995
221997
221998
221999
222000
222001
222002
222003
222004
222005
222006
222007
222008
222009
222010
222011
222012
222013
222014
222015
222016
222017
222018
222019
222020
222021
222022
222023
222025
222026
222027
222028
222029
222030
222032
222033
222034
222035
222036
222037
222038
222039
222040
222041
222042
222043
222044
222045
222046
222047
222048
222049
222050
222051
222053
222054
222055
222056
222057
222059
222060
222061
222062
222063
222064
222065
222066
222067
222068
222069
222070
222071
222072
222073
222074
222075
222076
222078
222079
222080
222081
222083
222084
222085
222086
222087
222088
222089
222090
222091
222093
222095
222096
222097
222098
222099
222100
222101
222102
222103
222104
222105
222106
222107
222108
222109
222110
222111
222112
222113
222114
222115
222116
222117
222118
222119
222120
222121
222123
222124
222125
222126
222127
222128
222129
222130
222131
222132
222133
222134
222135
222136
222138
222139
222140
222141
222142
222143
222144
222145
222147
222148
222149
222150
222151
222152
222153
222154
222155
222156
222157
222158
222159
222160
222162
222163
222164
222165
222166
222167
222168
222169
222170
222171
222172
222173
222174
222175
222176
222177
222178
222179
222180
222181
222182
222183
222184
222185
222186
222187
222188
222189
222190
222191
222192
222193
222194
222195
222196
222197
222198
222199
222200
222201
222202
222203
222204
222206
222207
222208
222209
222210
222211
222214
222215
222216
222217
222218
222219
222220
222221
222222
222223
222224
222225
222226
222227
222228
222229
222230
222231
222232
222233
222234
222235
222236
222237
222238
222239
222241
222242
222243
222245
222246
222247
222248
222249
222250
222251
222252
222253
222254
222255
222256
222257
222258
222259
222260
222261
222262
222263
222264
222265
222266
222267
222268
222269
222270
222271
222272
222273
222274
222275
222276
222277
222278
222279
222280
222281
222282
222283
222284
222285
222286
222287
222288
222289
222290
222291
222292
222293
222294
222295
222296
222298
222299
222300
222301
222302
222303
222304
222305
222306
222307
222308
222309
222310
222311
222312
222313
222314
222315
222316
222317
222318
222319
222320
222322
222323
222324
222325
222326
222327
222328
222329
222330
222331
222332
222333
222334
222335
222336
222337
222338
222339
222340
222341
222342
222343
222344
222345
222346
222347
222348
222349
222350
222351
222352
222353
222354
222355
222356
222357
222358
222359
222360
222361
222362
222363
222364
222365
222366
222367
222368
222369
222370
222371
222372
222373
222374
222375
222376
222377
222378
222379
222380
222381
222382
222383
222384
222385
222386
222387
222388
222389
222390
222391
222392
222393
222394
222395
222396
222397
222399
222400
222401
222402
222404
222405
222406
222407
222408
222409
222410
222411
222412
222413
222414
222415
222416
222417
222418
222419
222420
222421
222422
222423
222424
222425
222426
222427
222428
222429
222430
222431
222432
222433
222434
222436
222437
222438
222439
222440
222441
222442
222443
222444
222445
222446
222447
222448
222449
222450
222451
222452
222453
222454
222455
222456
222457
222458
222459
222460
222461
222462
222463
222464
222465
222466
222467
222468
222469
222470
222471
222472
222473
222474
222475
222476
222477
222478
222479
222480
222481
222482
222483
222484
222485
222486
222487
222488
222489
222490
222491
222492
222493
222494
222495
222496
222497
222498
222499
222500
222501
222502
222503
222504
222505
222506
222507
222508
222509
222510
222511
222512
222513
222515
222516
222517
222518
222519
222520
222521
222522
222523
222524
222525
222526
222528
222529
222530
222531
222532
222533
222534
222535
222536
222537
222538
222539
222540
222542
222543
222544
222545
222546
222547
222548
222549
222550
222551
222552
222553
222554
222555
222556
222557
222558
222560
222561
222562
222564
222565
222566
222567
222568
222569
222570
222571
222572
222573
222574
222575
222576
222577
222578
222579
222580
222581
222582
222583
222584
222585
222586
222587
222588
222589
222590
222591
222592
222593
222594
222595
222596
222597
222598
222599
222600
222601
222602
222604
222605
222606
222607
222608
222609
222610
222611
222612
222613
222614
222615
222616
222617
222618
222619
222620
222621
222622
222623
222624
222625
222626
222628
222629
222630
222631
222632
222633
222634
222635
222636
222637
222638
222640
222641
222642
222643
222644
222645
222646
222647
222649
222650
222651
222652
222653
222654
222655
222656
222657
222658
222659
222660
222661
222662
222663
222664
222665
222666
222667
222668
222669
222670
222671
222672
222673
222674
222675
222676
222677
222678
222679
222680
222681
222682
222683
222684
222685
222686
222687
222688
222689
222690
222692
222693
222695
222696
222697
222698
222699
222700
222701
222702
222703
222704
222705
222706
222707
222708
222709
222710
222711
222712
222713
222714
222715
222716
222717
222718
222719
222720
222721
222722
222723
222724
222725
222726
222727
222728
222729
222730
222731
222732
222733
222734
222735
222736
222737
222738
222739
222740
222741
222742
222743
222744
222745
222746
222747
222748
222749
222750
222751
222752
222753
222754
222755
222756
222757
222759
222760
222761
222762
222763
222764
222765
222766
222767
222768
222769
222770
222771
222772
222773
222774
222776
222777
222778
222779
222780
222781
222782
222783
222785
222786
222787
222788
222789
222790
222791
222792
222793
222794
222795
222796
222797
222798
222799
222800
222801
222802
222803
222804
222805
222806
222807
222808
222809
222810
222811
222812
222813
222814
222815
222816
222817
222818
222819
222820
222821
222822
222823
222824
222825
222826
222827
222828
222829
222830
222831
222832
222833
222834
222835
222836
222837
222838
222839
222840
222841
222842
222843
222844
222845
222846
222847
222848
222849
222850
222851
222852
222854
222855
222856
222857
222858
222859
222860
222861
222862
222863
222864
222865
222866
222867
222868
222869
222870
222871
222872
222873
222874
222875
222876
222877
222880
222881
222882
222883
222884
222886
222887
222888
222889
222890
222891
222892
222893
222895
222896
222897
222898
222899
222900
222901
222902
222903
222904
222905
222906
222907
222908
222909
222910
222911
222912
222913
222914
222915
222916
222917
222918
222919
222920
222922
222923
222924
222925
222926
222927
222928
222929
222930
222931
222932
222933
222934
222935
222936
222937
222938
222939
222940
222941
222942
222943
222944
222945
222946
222947
222948
222949
222950
222952
222953
222954
222955
222956
222958
222959
222960
222962
222963
222964
222965
222966
222967
222968
222969
222970
222971
222972
222973
222974
222975
222976
222977
222978
222979
222980
222981
222982
222983
222984
222985
222986
222987
222988
222989
222990
222991
222992
222993
222994
222995
222996
222997
222998
222999
223000
223001
223002
223003
223004
223005
223006
223007
223008
223009
223010
223011
223012
223013
223014
223016
223017
223018
223019
223020
223021
223022
223023
223024
223025
223026
223027
223028
223029
223030
223031
223032
223033
223034
223035
223036
223037
223038
223039
223040
223041
223042
223043
223044
223045
223046
223047
223048
223049
223050
223051
223052
223053
223054
223055
223056
223058
223059
223060
223061
223062
223063
223064
223065
223066
223067
223068
223069
223070
223071
223072
223073
223074
223075
223076
223078
223079
223080
223081
223082
223083
223085
223086
223087
223088
223089
223090
223091
223092
223093
223094
223095
223096
223097
223098
223099
223100
223101
223102
223103
223104
223105
223106
223107
223108
223109
223110
223111
223112
223113
223114
223115
223116
223117
223118
223119
223120
223121
223122
223123
223124
223125
223126
223127
223128
223129
223130
223131
223132
223133
223134
223135
223136
223137
223138
223139
223140
223141
223142
223143
223144
223145
223146
223147
223148
223149
223150
223151
223152
223153
223154
223155
223156
223157
223158
223159
223160
223161
223162
223163
223164
223165
223166
223167
223169
223170
223171
223172
223173
223174
223175
223176
223177
223179
223180
223181
223182
223183
223184
223185
223186
223188
223189
223190
223192
223193
223194
223195
223196
223197
223198
223199
223200
223201
223202
223203
223204
223205
223206
223207
223208
223210
223211
223213
223214
223215
223216
223217
223218
223219
223220
223221
223222
223223
223224
223225
223226
223227
223229
223231
223232
223233
223234
223235
223236
223237
223239
223240
223241
223242
223243
223244
223245
223246
223247
223248
223250
223251
223252
223253
223254
223255
223256
223257
223258
223259
223260
223261
223262
223265
223266
223267
223268
223269
223270
223271
223272
223274
223275
223276
223277
223278
223279
223280
223281
223282
223283
223284
223285
223286
223287
223288
223289
223290
223291
223292
223294
223295
223296
223297
223298
223299
223300
223301
223302
223303
223304
223305
223306
223307
223308
223309
223312
223313
223314
223315
223316
223317
223318
223319
223320
223321
224085
224321
224322
224323
224325
224326
224327
224329
224330
224331
224333
224334
224335
224336
224337
224338
224339
224340
224341
224342
224343
224344
224345
224346
224347
224348
224349
224350
224351
224352
224353
224354
224355
224356
224357
224358
224359
224360
224361
224362
224363
224364
224365
224366
224367
224368
224369
224370
224371
224372
224373
224374
224375
224376
224377
224378
224379
224380
224381
224382
224383
224384
224385
224386
224388
224389
224390
224391
224392
224393
224394
224395
224396
224397
224399
224400
224401
224402
224403
224404
224405
224406
224407
224408
224409
224410
224411
224412
224413
224414
224415
224416
224417
224418
224419
224420
224421
224422
224423
224424
224425
224426
224427
224428
224429
224430
224431
224432
224433
224434
224435
224436
224437
224438
224439
224441
224442
224443
224444
224445
224446
224447
224448
224449
224450
224451
224452
224453
224454
224455
224456
224457
224458
224459
224460
224461
224462
224463
224464
224465
224466
224467
224468
224469
224470
224471
224472
224473
224474
224475
224476
224477
224478
224479
224480
224481
224482
224483
224484
224485
224486
224487
224488
224489
224490
224491
224492
224493
224494
224495
224496
224497
224498
224499
224500
224501
224502
224503
224504
224505
224506
224509
224510
224511
224512
224513
224514
224515
224516
224517
224518
224519
224520
224521
224522
224523
224524
224525
224526
224528
224529
224530
224531
224532
224533
224534
224535
224536
224537
224538
224539
224541
224542
224543
224544
224545
224546
224548
224549
224550
224551
224552
224553
224554
224555
224556
224557
224558
224559
224560
224561
224562
224563
224564
224565
224566
224567
224569
224570
224571
224572
224573
224574
224575
224576
224577
224579
224580
224581
224583
224584
224585
224586
224587
224588
224589
224590
224591
224592
224593
224594
224595
224596
224597
224598
224599
224600
224601
224602
224603
224604
224605
224606
224607
224608
224609
224610
224611
224612
224613
224614
224615
224616
224617
224619
224620
224621
224622
224623
224624
224625
224626
224627
224628
224630
224631
224632
224633
224634
224635
224636
224637
224638
224639
224640
224641
224642
224643
224645
224646
224647
224648
224649
224650
224651
224652
224653
224654
224655
224656
224657
224658
224659
224660
224663
224664
224665
224666
224667
224668
224669
224670
224671
224672
224673
224674
224675
224677
224678
224679
224680
224681
224682
224683
224684
224685
224686
224687
224688
224689
224690
224691
224692
224693
224694
224695
224696
224697
224698
224699
224700
224701
224702
224703
224704
224705
224706
224707
224708
224709
224710
224711
224712
224713
224714
224715
224716
224717
224718
224719
224720
224721
224722
224723
224724
224725
224726
224727
224728
224729
224730
224731
224732
224733
224734
224735
224736
224737
224738
224739
224740
224741
224742
224743
224744
224745
224746
224747
224748
224749
224750
224751
224753
224754
224755
224757
224758
224759
224760
224761
224762
224763
224764
224765
224766
224767
224768
224769
224770
224771
224772
224773
224774
224775
224776
224777
224778
224779
224780
224781
224782
224783
224784
224785
224786
224787
224788
224789
224790
224791
224792
224793
224794
224795
224796
224797
224799
224800
224801
224802
224803
224804
224805
224806
224807
224808
224809
224810
224811
224812
224813
224814
224815
224816
224817
224818
224819
224820
224821
224822
224823
224824
224825
224826
224827
224828
224830
224831
224832
224833
224834
224835
224836
224837
224838
224839
224840
224841
224842
224843
224844
224845
224846
224847
224848
224849
224850
224851
224852
224853
224854
224855
224856
224857
224858
224859
224860
224861
224862
224863
224864
224865
224866
224867
224868
224869
224870
224871
224872
224873
224874
224875
224876
224877
224878
224879
224880
224881
224882
224883
224884
224885
224886
224887
224888
224889
224890
224891
224892
224893
224895
224896
224897
224898
224899
224900
224901
224902
224903
224904
224905
224906
224907
224909
224910
224911
224912
224913
224914
224915
224916
224917
224918
224920
224921
224922
224923
224924
224925
224926
224927
224928
224929
224930
224931
224932
224933
224934
224937
224938
224939
224940
224941
224942
224943
224944
224945
224946
224947
224948
224949
224950
224951
224952
224953
224954
224955
224956
224957
224958
224959
224960
224961
224962
224963
224964
224965
224966
224967
224968
224969
224970
224971
224972
224973
224974
224975
224976
224977
224978
224980
224981
224982
224983
224984
224985
224986
224987
224988
224989
224990
224991
224992
224994
224995
224996
224997
224998
224999
225000
225001
225002
225003
225004
225005
225006
225007
225008
225009
225010
225011
225012
225013
225014
225015
225016
225018
225019
225020
225021
225022
225024
225025
225026
225027
225028
225029
225030
225031
225032
225033
225034
225035
225036
225037
225039
225040
225041
225042
225043
225044
225045
225046
225047
225048
225049
225050
225051
225052
225053
225054
225055
225056
225057
225058
225059
225060
225061
225062
225063
225064
225065
225066
225068
225069
225070
225072
225073
225074
225075
225076
225077
225078
225079
225080
225081
225082
225083
225084
225085
225086
225087
225088
225089
225090
225091
225092
225093
225094
225095
225096
225097
225098
225099
225100
225101
225102
225103
225104
225105
225106
225107
225108
225109
225110
225111
225112
225113
225114
225115
225116
225117
225118
225119
225120
225121
225122
225123
225124
225125
225126
225127
225128
225129
225130
225133
225134
225135
225137
225138
225139
225140
225141
225142
225143
225144
225145
225146
225148
225149
225150
225151
225152
225153
225154
225155
225156
225157
225158
225159
225160
225161
225162
225163
225164
225165
225166
225167
225168
225169
225170
225171
225172
225173
225174
225175
225176
225178
225179
225180
225181
225182
225183
225184
225185
225186
225187
225188
225189
225190
225191
225192
225193
225194
225195
225196
225197
225198
225199
225200
225201
225202
225203
225204
225205
225206
225208
225209
225210
225212
225213
225214
225215
225216
225217
225218
225219
225220
225221
225222
225223
225224
225225
225226
225227
225228
225229
225230
225231
225232
225233
225234
225236
225237
225238
225239
225240
225241
225242
225243
225244
225245
225246
225247
225248
225249
225250
225251
225252
225253
225254
225255
225256
225257
225258
225259
225260
225261
225262
225263
225264
225265
225266
225267
225268
225269
225270
225271
225272
225273
225274
225275
225276
225277
225279
225280
225282
225284
225285
225287
225288
225289
225290
225291
225292
225294
225295
225296
225297
225298
225299
225300
225302
225303
225304
225305
225306
225307
225308
225309
225310
225311
225312
225313
225314
225316
225317
225318
225319
225320
225321
225322
225324
225325
225326
225327
225329
225331
225332
225333
225334
225335
225336
225337
225338
225339
225340
225341
225342
225343
225344
225345
225346
225347
225348
225349
225350
225351
225352
225353
225355
225356
225357
225358
225359
225360
225361
225362
225364
225365
225366
225367
225368
225369
225370
225371
225372
225373
225374
225375
225376
225377
225378
225379
225380
225381
225382
225383
225384
225385
225386
225387
225388
225389
225390
225391
225392
225393
225394
225395
225396
225397
225398
225399
225400
225401
225402
225403
225404
225405
225406
225407
225408
225409
225410
225411
225412
225413
225414
225415
225416
225417
225418
225419
225420
225421
225422
225423
225424
225425
225426
225427
225428
225429
225430
225431
225432
225433
225434
225435
225436
225437
225438
225439
225440
225441
225442
225443
225444
225445
225446
225447
225448
225450
225451
225452
225453
225454
225456
225457
225458
225459
225460
225461
225462
225463
225464
225465
225466
225467
225468
225469
225470
225471
225472
225473
225474
225475
225476
225477
225478
225479
225481
225483
225485
225486
225487
225488
225489
225490
225491
225492
225493
225494
225495
225496
225497
225498
225499
225500
225501
225503
225504
225505
225506
225507
225508
225509
225510
225511
225512
225513
225514
225515
225516
225517
225518
225519
225520
225521
225522
225523
225524
225525
225526
225527
225528
225529
225530
225531
225532
225533
225534
225535
225536
225537
225538
225539
225540
225541
225542
225543
225544
225545
225546
225547
225548
225549
225550
225551
225552
225553
225554
225555
225556
225557
225558
225559
225560
225561
225562
225563
225564
225565
225566
225567
225568
225569
225570
225571
225572
225573
225574
225575
225576
225577
225578
225579
225580
225581
225582
225583
225584
225585
225586
225587
225588
225589
225590
225591
225592
225593
225594
225595
225596
225597
225598
225599
225600
225601
225602
225603
225604
225605
225606
225607
225608
225609
225610
225611
225612
225613
225614
225615
225616
225617
225618
225619
225620
225621
225622
225623
225624
225625
225626
225627
225628
225629
225630
225631
225632
225633
225634
225635
225636
225637
225638
225639
225640
225641
225642
225643
225644
225645
225646
225647
225648
225649
225650
225651
225652
225653
225654
225655
225656
225657
225658
225659
225660
225661
225662
225663
225664
225665
225666
225667
225668
225669
225670
225671
225672
225673
225674
225675
225676
225677
225678
225679
225680
225681
225682
225683
225684
225685
225686
225687
225688
225689
225690
225691
225692
225693
225694
225695
225696
225697
225698
225699
225700
225701
225702
225703
225704
225705
225706
225707
225708
225709
225710
225711
225712
225713
225714
225715
225716
225717
225718
225719
225720
225721
225722
225723
225724
225725
225726
225727
225728
225729
225730
225731
225732
225733
225734
225735
225736
225737
225738
225739
225740
225741
225742
225743
225744
225745
225746
225747
225748
225749
225750
225751
225752
225753
225754
225755
225756
225757
225758
225759
225760
225761
225762
225763
225764
225765
225766
225767
225768
225769
225770
225771
225772
225773
225774
225775
225776
225777
225778
225779
225780
225781
225782
225783
225784
225785
225786
225787
225788
225789
225790
225791
225792
225793
225794
225795
225796
225797
225798
225799
225800
225801
225802
225803
225804
225805
225806
225807
225808
225809
225810
225811
225812
225813
225814
225815
225816
225817
225818
225819
225820
225821
225822
225823
225824
225825
225826
225827
225828
225829
225830
225831
225832
225833
225834
225835
225836
225837
225838
225839
225840
225841
225842
225843
225844
225845
225846
225847
225848
225849
225850
225851
225852
225853
225854
225855
225856
225857
225858
225859
225860
225861
225862
225863
225864
225865
225866
225867
225868
225869
225870
225871
225872
225873
225874
225875
225876
225877
225878
225879
225880
225881
225882
225883
225884
225885
225886
225887
225888
225889
225890
225891
225892
225893
225894
225895
225896
225897
225898
225899
225900
225901
225902
225903
225904
225905
225906
225907
225908
225909
225910
225911
225912
225913
225914
225915
225916
225917
225918
225919
225920
225921
225922
225923
225924
225925
225926
225927
225928
225929
225930
225931
225932
225933
225934
225935
225936
225937
225938
225939
225940
225941
225942
225943
225944
225945
225946
225947
225948
225949
225950
225951
225952
225953
225954
225955
225956
225957
225958
225959
225960
225961
225962
225963
225965
225966
225967
225968
225969
225970
225971
225972
225973
225974
225975
225976
225978
225979
225980
225981
225982
225983
225984
225985
225986
225987
225988
225989
225990
225991
225992
225993
225994
225995
225996
225997
225998
225999
226000
226001
226002
226003
226004
226005
226006
226007
226008
226009
226010
226011
226012
226013
226014
226015
226016
226017
226018
226019
226020
226021
226023
226024
226025
226026
226027
226028
226029
226030
226031
226032
226033
226035
226036
226037
226038
226039
226040
226041
226042
226043
226044
226046
226047
226048
226049
226050
226051
226052
226053
226056
226057
226058
226059
226060
226061
226062
226063
226064
226065
226067
226068
226069
226070
226071
226072
226073
226074
226075
226076
226077
226078
226080
226081
226082
226083
226084
226085
226086
226088
226089
226090
226091
226092
226093
226094
226097
226098
226099
226100
226101
226102
226103
226104
226105
226106
226107
226108
226109
226110
226111
226112
226113
226114
226115
226116
226117
226118
226119
226120
226121
226122
226123
226124
226125
226126
226127
226128
226129
226130
226131
226132
226133
226134
226135
226136
226137
226138
226139
226140
226141
226142
226143
226144
226145
226146
226147
226148
226149
226150
226151
226152
226153
226154
226155
226156
226157
226158
226159
226160
226161
226162
226165
226166
226167
226168
226169
226170
226171
226172
226174
226175
226176
226177
226178
226179
226180
226181
226182
226183
226184
226186
226187
226188
226189
226190
226191
226192
226193
226194
226195
226196
226197
226198
226199
226200
226202
226203
226204
226205
226206
226207
226208
226209
226210
226211
226212
226213
226214
226215
226217
226218
226219
226220
226221
226222
226223
226224
226225
226226
226227
226229
226230
226231
226232
226233
226234
226235
226236
226237
226238
226239
226240
226241
226242
226243
226244
226245
226246
226247
226248
226249
226250
226251
226252
226253
226254
226255
226256
226257
226258
226259
226260
226262
226263
226264
226265
226266
226267
226268
226269
226271
226272
226275
226276
226277
226278
226279
226280
226281
226282
226283
226284
226285
226286
226287
226288
226289
226290
226291
226292
226293
226295
226296
226297
226298
226299
226300
226301
226302
226303
226304
226305
226306
226307
226308
226309
226310
226311
226312
226313
226314
226315
226316
226317
226318
226319
226320
226321
226322
226323
226324
226325
226326
226328
226329
226330
226331
226332
226333
226334
226335
226336
226337
226338
226339
226340
226341
226342
226343
226344
226345
226346
226347
226349
226350
226351
226352
226354
226355
226356
226357
226358
226359
226360
226361
226362
226363
226364
226365
226366
226367
226368
226369
226370
226372
226373
226374
226375
226376
226377
226378
226379
226380
226381
226382
226383
226384
226385
226386
226387
226388
226389
226390
226391
226392
226393
226394
226395
226396
226397
226398
226399
226400
226401
226402
226404
226405
226406
226407
226408
226409
226411
226412
226413
226414
226415
226416
226417
226418
226419
226420
226421
226422
226423
226424
226425
226426
226427
226428
226429
226430
226431
226432
226433
226434
226435
226436
226437
226438
226439
226441
226442
226443
226444
226445
226446
226447
226448
226449
226450
226451
226452
226453
226454
226455
226456
226458
226459
226460
226461
226462
226463
226464
226465
226466
226467
226468
226469
226470
226471
226472
226473
226474
226475
226476
226477
226478
226479
226480
226481
226482
226483
226484
226485
226486
226487
226488
226489
226490
226491
226492
226494
226495
226496
226497
226498
226499
226500
226501
226502
226503
226504
226505
226506
226507
226508
226509
226510
226511
226512
226513
226515
226516
226517
226518
226519
226520
226521
226523
226524
226525
226526
226527
226528
226529
226530
226531
226532
226533
226534
226535
226536
226537
226538
226539
226540
226541
226542
226543
226544
226545
226546
226547
226548
226549
226550
226551
226552
226553
226554
226555
226556
226557
226558
226561
226564
226565
226566
226567
226568
226569
226570
226571
226572
226573
226574
226575
226576
226577
226578
226579
226580
226581
226582
226583
226584
226585
226586
226587
226588
226589
226590
226591
226592
226593
226594
226595
226596
226597
226598
226599
226600
226601
226602
226603
226604
226605
226606
226607
226608
226609
226610
226611
226612
226613
226614
226615
226616
226617
226618
226619
226620
226621
226622
226623
226624
226625
226626
226627
226628
226629
226630
226631
226632
226633
226634
226635
226636
226637
226638
226639
226640
226641
226642
226643
226644
226645
226646
226647
226648
226649
226650
226651
226652
226653
226654
226655
226656
226657
226658
226659
226660
226661
226662
226663
226664
226665
226666
226667
226668
226669
226670
226671
226672
226673
226674
226675
226676
226678
226679
226680
226681
226683
226684
226685
226686
226687
226688
226689
226690
226691
226692
226693
226694
226695
226696
226697
226698
226699
226701
226702
226703
226704
226705
226706
226707
226708
226709
226710
226711
226712
226713
226714
226715
226716
226717
226718
226719
226720
226721
226722
226723
226724
226725
226727
226728
226729
226730
226731
226732
226733
226734
226735
226736
226737
226738
226740
226741
226742
226743
226744
226745
226746
226747
226748
226749
226750
226751
226752
226753
226754
226756
226758
226759
226760
226761
226763
226765
226766
226767
226768
226769
226770
226772
226773
226774
226775
226776
226777
226778
226779
226780
226781
226782
226783
226784
226785
226786
226787
226788
226789
226790
226791
226792
226793
226794
226795
226796
226797
226798
226799
226800
226801
226802
226803
226804
226805
226806
226807
226808
226809
226810
226811
226812
226813
226814
226815
226816
226817
226818
226819
226820
226821
226823
226824
226825
226826
226827
226828
226829
226830
226831
226832
226833
226834
226835
226836
226837
226838
226840
226841
226842
226843
226844
226845
226846
226847
226848
226850
226851
226852
226853
226854
226855
226856
226857
226858
226859
226860
226861
226863
226864
226865
226866
226867
226868
226869
226870
226871
226872
226873
226874
226875
226876
226877
226878
226879
226880
226881
226882
226883
226885
226886
226887
226888
226889
226890
226891
226892
226893
226894
226895
226896
226897
226898
226899
226900
226901
226902
226903
226904
226905
226906
226907
226908
226909
226910
226911
226912
226913
226914
226915
226916
226917
226918
226919
226920
226921
226922
226923
226924
226925
226926
226927
226928
226929
226931
226932
226934
226935
226936
226937
226938
226939
226940
226941
226942
226943
226944
226945
226946
226947
226948
226949
226950
226951
226952
226953
226954
226955
226956
226957
226958
226959
226960
226961
226962
226963
226965
226966
226968
226969
226970
226971
226972
226973
226974
226975
226976
226977
226978
226979
226980
226981
226982
226983
226984
226985
226986
226987
226988
226989
226990
226991
226992
226994
226995
226996
226997
226998
227000
227001
227002
227003
227004
227005
227006
227007
227008
227009
227010
227011
227012
227013
227014
227015
227016
227017
227018
227019
227020
227021
227023
227024
227025
227026
227027
227028
227029
227030
227031
227032
227033
227034
227035
227036
227037
227038
227039
227040
227041
227042
227043
227044
227045
227046
227047
227048
227049
227050
227051
227052
227053
227054
227055
227056
227057
227058
227059
227060
227061
227062
227063
227064
227065
227066
227067
227069
227070
227071
227072
227073
227074
227076
227077
227078
227079
227080
227081
227082
227083
227084
227085
227086
227087
227088
227089
227090
227091
227092
227093
227094
227095
227096
227097
227098
227099
227100
227101
227102
227103
227104
227105
227106
227107
227108
227110
227111
227112
227113
227114
227115
227116
227117
227118
227119
227120
227121
227122
227123
227124
227125
227126
227127
227128
227129
227131
227132
227133
227135
227136
227137
227138
227139
227140
227141
227142
227143
227144
227145
227146
227147
227148
227149
227150
227151
227152
227154
227155
227156
227157
227158
227159
227160
227161
227162
227163
227164
227165
227166
227167
227168
227169
227170
227171
227172
227173
227174
227175
227176
227177
227178
227179
227180
227181
227182
227183
227184
227185
227186
227187
227188
227189
227190
227191
227192
227193
227194
227195
227196
227197
227198
227199
227200
227201
227202
227203
227205
227206
227207
227208
227209
227210
227211
227212
227213
227214
227215
227216
227217
227218
227219
227220
227221
227222
227223
227224
227227
227228
227229
227231
227232
227233
227234
227235
227236
227237
227238
227239
227240
227241
227242
227243
227244
227245
227246
227247
227248
227249
227250
227251
227252
227254
227255
227256
227257
227258
227259
227260
227261
227262
227264
227265
227266
227269
227270
227271
227272
227273
227274
227275
227276
227277
227278
227279
227280
227281
227282
227283
227284
227285
227287
227288
227289
227290
227291
227292
227293
227294
227295
227296
227297
227298
227299
227300
227301
227302
227303
227304
227305
227306
227307
227308
227309
227310
227312
227313
227314
227315
227317
227318
227319
227320
227321
227322
227323
227324
227325
227326
227327
227328
227329
227332
227333
227334
227335
227336
227337
227338
227339
227340
227341
227343
227344
227346
227347
227348
227349
227350
227351
227352
227353
227354
227355
227356
227357
227358
227359
227360
227361
227362
227363
227364
227365
227366
227367
227368
227369
227370
227371
227372
227373
227375
227376
227377
227378
227379
227380
227381
227383
227384
227385
227386
227387
227388
227389
227390
227391
227392
227394
227395
227396
227397
227398
227399
227400
227401
227402
227403
227404
227405
227406
227407
227408
227409
227410
227411
227412
227413
227414
227415
227416
227417
227418
227419
227420
227421
227422
227423
227424
227426
227427
227428
227429
227430
227431
227432
227433
227434
227435
227436
227437
227438
227440
227441
227442
227443
227444
227446
227447
227448
227449
227450
227451
227452
227453
227454
227455
227456
227457
227458
227459
227460
227461
227462
227463
227464
227465
227466
227467
227468
227469
227470
227471
227472
227473
227474
227475
227476
227477
227478
227479
227480
227482
227483
227484
227485
227486
227487
227488
227489
227490
227491
227492
227493
227494
227495
227496
227497
227498
227499
227500
227501
227502
227504
227505
227506
227507
227508
227509
227510
227511
227512
227513
227514
227515
227516
227517
227518
227519
227521
227522
227523
227524
227525
227526
227527
227528
227529
227530
227531
227532
227533
227534
227535
227536
227537
227538
227539
227540
227542
227543
227544
227545
227546
227547
227548
227549
227550
227551
227552
227553
227554
227555
227556
227558
227559
227560
227561
227562
227563
227564
227565
227566
227567
227568
227569
227570
227571
227572
227573
227574
227575
227576
227577
227578
227579
227580
227581
227582
227583
227584
227585
227586
227587
227588
227589
227590
227592
227593
227594
227595
227596
227597
227598
227599
227600
227601
227602
227603
227604
227605
227606
227607
227608
227609
227610
227611
227613
227614
227615
227616
227617
227618
227619
227620
227621
227622
227623
227624
227625
227626
227627
227628
227629
227630
227631
227633
227634
227635
227636
227637
227638
227639
227640
227641
227642
227643
227644
227645
227646
227647
227648
227649
227650
227651
227652
227653
227654
227656
227657
227658
227659
227660
227661
227662
227663
227664
227665
227666
227667
227668
227669
227670
227671
227672
227673
227674
227675
227676
227677
227678
227679
227680
227681
227682
227683
227684
227686
227687
227688
227689
227690
227691
227692
227694
227695
227696
227697
227698
227699
227701
227703
227704
227705
227706
227707
227708
227709
227710
227711
227712
227713
227714
227715
227716
227717
227718
227719
227720
227721
227723
227724
227725
227726
227728
227729
227730
227731
227732
227733
227734
227735
227736
227737
227738
227739
227740
227741
227742
227743
227744
227745
227746
227747
227748
227749
227750
227751
227752
227753
227754
227755
227756
227757
227758
227759
227760
227761
227762
227763
227765
227766
227767
227768
227769
227770
227771
227772
227773
227774
227775
227776
227777
227778
227779
227780
227781
227782
227783
227784
227785
227786
227787
227788
227789
227790
227791
227792
227793
227794
227795
227796
227797
227798
227799
227800
227801
227802
227803
227804
227806
227807
227808
227809
227810
227811
227812
227813
227814
227815
227816
227817
227818
227819
227820
227821
227822
227823
227824
227825
227826
227827
227828
227829
227830
227831
227832
227833
227834
227835
227836
227837
227838
227839
227840
227841
227842
227843
227844
227845
227846
227847
227849
227850
227851
227852
227853
227854
227855
227856
227857
227858
227859
227860
227861
227862
227863
227864
227865
227866
227867
227868
227869
227870
227871
227872
227873
227874
227875
227876
227877
227879
227881
227883
227884
227885
227886
227887
227888
227889
227890
227891
227892
227893
227894
227895
227896
227897
227898
227899
227900
227901
227902
227903
227904
227905
227906
227907
227908
227909
227910
227911
227912
227913
227914
227915
227916
227917
227918
227919
227920
227921
227922
227923
227924
227925
227926
227927
227929
227930
227931
227932
227933
227934
227935
227936
227937
227938
227939
227941
227942
227943
227944
227945
227946
227947
227949
227950
227951
227952
227953
227954
227955
227956
227957
227958
227959
227960
227961
227962
227963
227964
227965
227966
227967
227968
227969
227970
227971
227972
227973
227974
227975
227976
227977
227978
227979
227980
227981
227982
227983
227984
227985
227986
227987
227988
227989
227990
227991
227992
227993
227994
227996
227997
227998
228001
228002
228003
228004
228005
228008
228009
228010
228011
228012
228013
228014
228015
228016
228017
228018
228019
228020
228021
228022
228023
228024
228025
228026
228027
228028
228029
228030
228031
228032
228033
228034
228035
228036
228037
228038
228039
228040
228041
228042
228043
228044
228045
228046
228047
228048
228049
228050
228051
228052
228053
228054
228055
228056
228057
228059
228060
228061
228062
228063
228064
228065
228066
228069
228070
228071
228072
228073
228074
228075
228076
228077
228078
228079
228080
228081
228082
228083
228084
228085
228086
228087
228088
228090
228091
228092
228093
228095
228096
228097
228099
228100
228101
228102
228104
228105
228106
228107
228108
228109
228110
228111
228112
228113
228114
228115
228116
228117
228118
228119
228120
228121
228122
228123
228124
228126
228127
228128
228129
228130
228131
228132
228133
228134
228135
228136
228137
228138
228139
228140
228141
228142
228143
228144
228145
228146
228147
228148
228149
228150
228151
228152
228153
228154
228155
228156
228157
228158
228159
228160
228161
228162
228163
228164
228165
228166
228167
228168
228169
228170
228171
228172
228173
228174
228175
228176
228177
228178
228179
228180
228181
228182
228183
228185
228187
228188
228189
228190
228191
228192
228193
228194
228195
228196
228197
228198
228199
228200
228201
228202
228203
228204
228205
228206
228207
228208
228210
228211
228212
228213
228214
228215
228216
228217
228218
228219
228220
228221
228222
228223
228224
228225
228226
228227
228228
228229
228230
228231
228233
228234
228235
228236
228237
228238
228239
228240
228241
228242
228243
228244
228245
228246
228247
228248
228249
228250
228251
228253
228254
228255
228256
228257
228258
228260
228261
228262
228263
228264
228265
228266
228267
228268
228269
228270
228271
228272
228273
228274
228276
228277
228279
228280
228281
228282
228283
228284
228285
228286
228287
228288
228290
228291
228293
228294
228295
228296
228297
228298
228299
228300
228301
228302
228303
228304
228305
228306
228307
228308
228309
228310
228311
228312
228313
228314
228315
228316
228318
228319
228320
228321
228322
228323
228324
228325
228326
228327
228328
228329
228330
228332
228334
228335
228336
228337
228339
228340
228341
228343
228344
228346
228347
228348
228349
228351
228352
228353
228354
228355
228356
228357
228358
228359
228360
228361
228362
228363
228364
228365
228366
228367
228368
228369
228370
228371
228372
228373
228374
228375
228376
228377
228378
228379
228380
228381
228382
228383
228384
228385
228387
228388
228389
228390
228392
228393
228394
228395
228396
228397
228398
228399
228400
228401
228402
228403
228404
228405
228406
228407
228408
228409
228410
228411
228412
228413
228414
228415
228416
228417
228419
228420
228421
228422
228423
228424
228426
228427
228428
228429
228430
228431
228432
228433
228434
228435
228436
228437
228438
228439
228440
228441
228442
228443
228444
228445
228446
228447
228448
228449
228450
228451
228452
228453
228454
228455
228456
228457
228458
228459
228460
228461
228462
228463
228464
228465
228466
228467
228468
228469
228470
228471
228472
228473
228474
228475
228476
228477
228478
228479
228480
228481
228482
228483
228484
228486
228487
228488
228489
228490
228491
228492
228493
228494
228495
228496
228497
228498
228499
228500
228501
228502
228503
228504
228505
228506
228507
228508
228509
228510
228511
228512
228513
228514
228515
228516
228517
228518
228519
228520
228521
228522
228523
228524
228525
228526
228527
228528
228529
228530
228531
228532
228533
228534
228535
228536
228537
228538
228539
228540
228542
228543
228544
228545
228546
228547
228548
228549
228550
228551
228552
228553
228554
228555
228556
228557
228558
228559
228560
228561
228562
228563
228564
228565
228566
228567
228568
228569
228571
228572
228573
228574
228575
228576
228577
228578
228579
228580
228581
228582
228583
228584
228585
228586
228587
228589
228590
228591
228592
228593
228594
228595
228596
228597
228598
228599
228600
228601
228602
228603
228604
228605
228606
228607
228609
228610
228611
228612
228613
228614
228615
228616
228617
228618
228619
228620
228621
228622
228624
228625
228626
228627
228628
228630
228631
228632
228633
228634
228635
228636
228637
228638
228639
228640
228641
228642
228643
228644
228645
228646
228647
228648
228649
228650
228651
228652
228653
228654
228655
228656
228657
228658
228659
228660
228661
228662
228663
228664
228665
228666
228667
228668
228669
228670
228671
228672
228673
228674
228675
228676
228677
228678
228679
228680
228681
228682
228683
228684
228685
228686
228687
228688
228689
228690
228691
228692
228693
228694
228695
228696
228697
228698
228699
228700
228701
228702
228703
228704
228705
228706
228707
228708
228709
228710
228711
228712
228713
228714
228715
228716
228717
228718
228719
228720
228721
228722
228723
228724
228725
228726
228727
228728
228729
228730
228731
228734
228735
228736
228738
228739
228740
228743
228744
228745
228746
228747
228748
228749
228750
228751
228752
228753
228754
228755
228756
228757
228758
228759
228760
228761
228762
228763
228764
228765
228766
228767
228768
228769
228770
228771
228772
228773
228774
228775
228776
228777
228778
228779
228780
228781
228782
228783
228784
228785
228786
228787
228789
228790
228791
228792
228793
228794
228795
228796
228797
228798
228799
228800
228801
228802
228803
228804
228805
228806
228807
228809
228810
228812
228813
228814
228815
228816
228817
228818
228819
228820
228821
228822
228823
228824
228825
228826
228827
228828
228829
228830
228831
228832
228833
228834
228835
228836
228837
228839
228840
228841
228842
228844
228845
228846
228847
228848
228849
228850
228851
228853
228854
228855
228856
228857
228858
228859
228860
228861
228862
228863
228864
228865
228866
228867
228868
228869
228870
228871
228872
228873
228874
228875
228876
228877
228878
228879
228880
228881
228882
228883
228885
228886
228887
228888
228889
228890
228891
228892
228893
228894
228895
228896
228897
228898
228899
228900
228901
228902
228903
228904
228905
228906
228907
228908
228909
228910
228911
228912
228913
228914
228915
228916
228917
228918
228919
228920
228921
228922
228923
228924
228925
228926
228927
228928
228929
228930
228931
228932
228933
228934
228935
228936
228937
228938
228939
228940
228941
228942
228943
228944
228945
228946
228948
228951
228952
228953
228954
228955
228956
228957
228958
228959
228961
228962
228963
228964
228965
228966
228967
228968
228970
228971
228972
228973
228974
228975
228976
228977
228978
228979
228980
228981
228982
228983
228984
228985
228986
228987
228988
228989
228990
228991
228992
228993
228994
228995
228997
228998
228999
229000
229001
229002
229003
229004
229005
229006
229007
229008
229009
229010
229011
229012
229013
229014
229016
229017
229018
229019
229020
229021
229022
229023
229024
229025
229026
229028
229029
229030
229031
229032
229033
229034
229035
229037
229038
229039
229040
229041
229042
229043
229044
229045
229046
229047
229048
229049
229050
229052
229053
229054
229055
229056
229057
229058
229059
229060
229061
229062
229063
229064
229065
229066
229067
229068
229069
229070
229071
229072
229073
229074
229075
229076
229077
229078
229080
229081
229082
229083
229084
229085
229086
229087
229088
229089
229090
229091
229092
229093
229094
229095
229097
229098
229099
229100
229101
229102
229103
229104
229105
229106
229107
229108
229109
229110
229111
229112
229113
229114
229115
229116
229117
229118
229119
229120
229121
229122
229123
229124
229125
229126
229127
229128
229129
229130
229131
229132
229134
229135
229136
229137
229138
229139
229140
229141
229142
229143
229144
229145
229146
229147
229148
229149
229150
229151
229152
229153
229154
229155
229156
229157
229158
229159
229160
229161
229162
229163
229164
229165
229166
229167
229168
229169
229170
229171
229172
229173
229174
229175
229176
229177
229178
229179
229180
229181
229182
229183
229184
229185
229186
229187
229188
229189
229190
229191
229193
229194
229195
229196
229197
229198
229199
229200
229201
229202
229203
229204
229206
229207
229208
229209
229210
229211
229212
229213
229214
229215
229216
229217
229218
229219
229220
229221
229222
229223
229224
229225
229226
229227
229228
229229
229230
229231
229232
229233
229234
229235
229236
229237
229238
229239
229240
229241
229242
229244
229245
229246
229247
229248
229249
229250
229251
229252
229253
229254
229255
229256
229257
229258
229259
229260
229261
229262
229263
229264
229265
229266
229267
229268
229269
229270
229271
229272
229273
229274
229275
229276
229277
229278
229279
229280
229281
229282
229283
229284
229285
229286
229287
229288
229289
229290
229291
229292
229293
229294
229295
229296
229297
229298
229299
229300
229301
229302
229303
229304
229305
229306
229307
229308
229309
229310
229311
229312
229313
229314
229315
229316
229317
229318
229319
229321
229322
229323
229324
229325
229326
229328
229329
229330
229332
229333
229334
229335
229336
229337
229338
229339
229340
229341
229342
229343
229344
229345
229347
229348
229349
229350
229351
229352
229354
229355
229356
229357
229358
229359
229360
229361
229362
229363
229364
229365
229366
229367
229368
229369
229370
229371
229372
229373
229374
229375
229376
229377
229378
229379
229380
229381
229382
229383
229384
229385
229386
229387
229388
229389
229391
229392
229393
229394
229395
229396
229397
229399
229400
229401
229402
229403
229404
229405
229406
229407
229408
229409
229410
229411
229412
229413
229414
229415
229416
229417
229418
229419
229420
229421
229422
229423
229424
229425
229426
229427
229428
229429
229430
229431
229432
229433
229434
229435
229438
229439
229440
229441
229442
229443
229444
229445
229446
229447
229448
229449
229450
229452
229453
229454
229455
229456
229457
229458
229459
229460
229461
229462
229463
229464
229465
229466
229467
229468
229469
229470
229471
229472
229474
229475
229476
229477
229478
229479
229480
229481
229482
229483
229484
229485
229486
229487
229488
229489
229490
229491
229492
229493
229495
229496
229497
229498
229499
229500
229501
229502
229503
229504
229505
229506
229507
229508
229509
229510
229511
229513
229514
229515
229516
229517
229518
229519
229520
229521
229522
229523
229524
229525
229526
229527
229528
229529
229530
229531
229532
229533
229534
229535
229536
229537
229538
229539
229540
229541
229542
229543
229544
229545
229546
229547
229548
229549
229550
229551
229552
229553
229554
229556
229557
229558
229559
229560
229561
229562
229563
229564
229565
229566
229567
229568
229569
229570
229571
229572
229573
229574
229575
229576
229577
229578
229579
229580
229581
229582
229583
229584
229585
229586
229587
229588
229589
229590
229591
229592
229593
229594
229595
229596
229597
229598
229599
229600
229601
229602
229603
229604
229605
229606
229607
229608
229609
229610
229611
229612
229613
229614
229615
229616
229617
229618
229619
229620
229621
229622
229623
229624
229625
229626
229627
229628
229629
229630
229631
229632
229633
229634
229635
229636
229637
229638
229639
229640
229641
229642
229643
229644
229645
229646
229647
229648
229649
229650
229651
229652
229653
229654
229655
229656
229657
229658
229659
229660
229661
229662
229663
229665
229666
229667
229668
229669
229670
229671
229672
229673
229674
229675
229676
229677
229678
229679
229680
229681
229682
229683
229684
229685
229686
229687
229688
229689
229690
229691
229692
229693
229694
229696
229697
229698
229699
229700
229701
229702
229703
229704
229705
229706
229707
229708
229709
229710
229711
229712
229713
229714
229715
229716
229717
229718
229719
229720
229721
229722
229723
229724
229725
229726
229727
229728
229729
229730
229731
229732
229733
229734
229735
229736
229737
229738
229739
229740
229741
229742
229743
229744
229745
229746
229747
229748
229749
229750
229752
229753
229754
229755
229756
229757
229758
229759
229760
229764
229765
229766
229767
229768
229769
229770
229771
229772
229773
229774
229775
229776
229777
229778
229779
229780
229781
229782
229783
229784
229785
229786
229787
229788
229789
229790
229791
229792
229793
229795
229796
229797
229798
229799
229800
229801
229802
229803
229804
229805
229807
229808
229809
229810
229811
229812
229813
229814
229815
229816
229817
229818
229819
229820
229821
229822
229823
229824
229825
229826
229827
229828
229830
229831
229832
229833
229834
229835
229836
229837
229839
229840
229841
229842
229843
229844
229845
229846
229847
229848
229849
229850
229851
229852
229853
229854
229855
229856
229857
229859
229860
229862
229863
229864
229865
229866
229867
229868
229869
229870
229871
229872
229873
229874
229875
229876
229877
229878
229879
229880
229881
229883
229884
229885
229886
229887
229888
229889
229890
229891
229892
229893
229894
229895
229896
229897
229898
229899
229900
229901
229902
229903
229904
229905
229906
229907
229908
229909
229910
229911
229912
229913
229915
229916
229917
229918
229919
229920
229921
229922
229923
229924
229925
229926
229927
229929
229930
229931
229932
229933
229935
229936
229937
229938
229939
229940
229941
229942
229943
229944
229945
229946
229947
229948
229950
229951
229952
229953
229954
229955
229956
229957
229959
229960
229961
229962
229963
229964
229965
229966
229967
229968
229969
229970
229971
229972
229974
229975
229976
229977
229981
229982
229983
229984
229985
229986
229987
229988
229989
229990
229991
229992
229993
229994
229995
229996
229997
229998
229999
230000
230001
230002
230003
230004
230005
230006
230007
230008
230009
230010
230012
230013
230014
230016
230017
230018
230019
230021
230022
230023
230026
230028
230030
230031
230032
230033
230034
230035
230036
230037
230038
230039
230040
230041
230042
230043
230044
230045
230046
230047
230048
230049
230050
230051
230052
230053
230054
230055
230056
230057
230058
230059
230060
230061
230062
230063
230064
230065
230066
230067
230068
230069
230070
230071
230072
230073
230074
230075
230076
230077
230078
230079
230080
230081
230082
230083
230084
230085
230086
230087
230088
230089
230090
230091
230092
230093
230094
230095
230096
230097
230098
230099
230100
230101
230102
230103
230104
230105
230106
230107
230108
230109
230110
230111
230112
230113
230114
230115
230116
230117
230118
230119
230120
230121
230122
230123
230124
230125
230126
230127
230128
230129
230130
230131
230132
230133
230134
230135
230136
230137
230138
230139
230140
230141
230142
230143
230144
230145
230146
230147
230148
230151
230152
230153
230154
230155
230156
230157
230158
230159
230160
230161
230162
230163
230164
230165
230166
230168
230169
230170
230171
230172
230173
230175
230176
230177
230178
230179
230180
230181
230182
230183
230185
230187
230188
230189
230190
230191
230192
230193
230194
230195
230196
230197
230198
230199
230200
230201
230202
230203
230204
230205
230206
230207
230208
230209
230210
230211
230212
230213
230214
230215
230216
230217
230218
230219
230220
230221
230222
230223
230224
230225
230227
230228
230229
230230
230231
230232
230233
230234
230235
230236
230237
230238
230239
230240
230241
230242
230243
230245
230246
230247
230249
230250
230251
230252
230253
230254
230256
230257
230258
230259
230260
230261
230262
230263
230264
230265
230266
230267
230268
230269
230270
230271
230272
230273
230274
230275
230276
230277
230278
230279
230280
230281
230282
230283
230284
230285
230286
230287
230288
230289
230290
230291
230292
230293
230294
230295
230296
230297
230298
230299
230300
230301
230302
230303
230304
230305
230306
230307
230308
230309
230310
230311
230312
230313
230314
230315
230317
230318
230319
230320
230321
230322
230323
230324
230325
230326
230327
230328
230329
230330
230331
230332
230333
230334
230335
230336
230337
230338
230339
230340
230341
230342
230343
230344
230345
230346
230347
230348
230349
230350
230351
230352
230353
230354
230355
230356
230357
230358
230359
230360
230361
230362
230363
230364
230365
230366
230367
230368
230369
230370
230371
230372
230373
230374
230375
230376
230378
230379
230380
230381
230382
230383
230384
230385
230386
230387
230388
230389
230390
230391
230392
230393
230394
230395
230396
230397
230398
230399
230400
230401
230402
230403
230404
230405
230406
230407
230408
230409
230411
230412
230413
230414
230415
230416
230417
230418
230419
230420
230421
230422
230423
230424
230425
230426
230427
230428
230429
230430
230431
230432
230433
230434
230435
230436
230437
230438
230439
230440
230441
230442
230443
230444
230445
230447
230448
230449
230450
230451
230452
230453
230454
230455
230456
230457
230458
230459
230460
230461
230462
230463
230464
230466
230467
230468
230469
230470
230471
230472
230473
230474
230475
230476
230477
230478
230479
230480
230481
230482
230483
230484
230485
230486
230487
230488
230489
230490
230491
230492
230493
230494
230495
230496
230497
230498
230499
230500
230501
230502
230503
230504
230505
230506
230507
230508
230509
230510
230511
230512
230513
230514
230515
230516
230517
230518
230519
230520
230521
230522
230523
230524
230525
230526
230527
230528
230529
230530
230531
230532
230533
230534
230535
230536
230537
230538
230539
230540
230541
230542
230543
230544
230545
230546
230547
230548
230549
230550
230551
230552
230554
230555
230556
230557
230558
230559
230560
230561
230562
230563
230564
230565
230566
230567
230568
230569
230570
230571
230572
230573
230574
230575
230576
230577
230578
230579
230580
230581
230582
230583
230584
230585
230586
230587
230588
230589
230590
230591
230592
230593
230594
230595
230596
230597
230598
230599
230600
230601
230602
230603
230604
230605
230606
230607
230608
230609
230610
230611
230613
230614
230615
230616
230617
230618
230619
230620
230621
230622
230623
230624
230625
230626
230627
230628
230629
230630
230631
230632
230633
230634
230635
230636
230637
230638
230639
230640
230642
230643
230644
230645
230646
230647
230648
230649
230650
230651
230652
230654
230655
230656
230657
230658
230659
230660
230661
230662
230663
230664
230665
230666
230667
230668
230669
230671
230672
230673
230674
230675
230676
230677
230678
230679
230680
230681
230682
230683
230684
230685
230686
230687
230688
230689
230691
230692
230694
230695
230696
230697
230698
230699
230700
230701
230702
230703
230704
230705
230706
230707
230708
230709
230710
230711
230712
230713
230714
230715
230716
230717
230718
230719
230720
230721
230722
230723
230724
230725
230726
230728
230729
230730
230731
230732
230733
230734
230735
230736
230738
230739
230740
230741
230742
230743
230744
230745
230746
230747
230750
230751
230752
230753
230754
230755
230756
230757
230758
230759
230760
230761
230762
230763
230764
230765
230766
230767
230768
230769
230770
230771
230772
230773
230774
230775
230776
230777
230779
230780
230781
230782
230783
230784
230785
230786
230787
230788
230789
230790
230791
230792
230793
230794
230795
230796
230797
230798
230799
230800
230801
230802
230803
230804
230805
230807
230808
230809
230810
230811
230812
230813
230814
230815
230816
230817
230818
230819
230820
230821
230822
230823
230824
230825
230826
230827
230828
230829
230831
230832
230833
230834
230835
230836
230837
230838
230840
230841
230842
230843
230844
230845
230847
230850
230851
230852
230853
230854
230855
230856
230857
230858
230859
230860
230861
230862
230863
230864
230865
230866
230867
230868
230869
230870
230871
230872
230873
230874
230875
230876
230877
230878
230879
230880
230881
230882
230883
230884
230885
230886
230887
230888
230889
230890
230891
230892
230893
230894
230895
230896
230897
230898
230899
230900
230901
230902
230903
230904
230905
230906
230907
230909
230910
230911
230912
230913
230914
230915
230916
230917
230918
230919
230920
230921
230922
230923
230924
230925
230927
230928
230929
230930
230931
230932
230933
230934
230935
230936
230937
230938
230939
230940
230941
230942
230943
230944
230945
230946
230947
230948
230949
230950
230951
230952
230953
230954
230955
230956
230957
230958
230959
230960
230961
230962
230963
230964
230965
230967
230968
230971
230972
230973
230974
230975
230976
230977
230978
230979
230980
230981
230982
230983
230984
230985
230986
230987
230988
230989
230990
230991
230993
230994
230995
230996
230997
230998
230999
231000
231001
231002
231003
231004
231005
231006
231007
231008
231009
231010
231011
231012
231013
231014
231015
231016
231017
231018
231019
231020
231021
231022
231023
231024
231025
231026
231027
231028
231029
231030
231031
231032
231033
231034
231035
231036
231037
231038
231039
231040
231041
231042
231043
231044
231045
231046
231047
231048
231049
231050
231051
231052
231053
231054
231055
231056
231057
231058
231059
231060
231061
231062
231063
231064
231065
231066
231067
231068
231069
231070
231071
231072
231073
231074
231075
231077
231078
231079
231080
231081
231082
231083
231084
231085
231086
231087
231088
231089
231090
231091
231092
231093
231094
231095
231096
231097
231098
231099
231100
231101
231102
231103
231104
231105
231106
231107
231108
231109
231110
231111
231112
231113
231114
231115
231116
231117
231118
231119
231120
231121
231122
231123
231124
231126
231127
231128
231129
231130
231131
231132
231133
231134
231136
231137
231138
231139
231140
231141
231142
231143
231144
231145
231146
231147
231148
231149
231150
231151
231152
231153
231154
231155
231156
231157
231158
231159
231160
231161
231162
231163
231164
231165
231166
231167
231168
231169
231171
231172
231173
231174
231175
231176
231177
231178
231179
231180
231181
231182
231183
231184
231185
231186
231187
231188
231189
231190
231191
231192
231193
231194
231195
231196
231197
231198
231199
231200
231201
231202
231203
231204
231205
231206
231207
231208
231209
231210
231211
231212
231213
231214
231215
231216
231217
231218
231219
231220
231221
231222
231223
231224
231225
231226
231227
231228
231229
231230
231231
231232
231233
231234
231235
231236
231237
231238
231239
231240
231242
231243
231244
231245
231246
231247
231248
231249
231250
231251
231252
231253
231254
231255
231256
231257
231258
231259
231260
231261
231262
231263
231264
231265
231266
231267
231268
231269
231270
231271
231272
231273
231274
231275
231276
231277
231278
231279
231280
231281
231282
231283
231284
231285
231286
231287
231288
231289
231290
231291
231292
231293
231294
231295
231296
231298
231299
231300
231301
231302
231303
231304
231305
231306
231307
231308
231309
231310
231311
231312
231313
231314
231315
231316
231318
231319
231320
231321
231322
231323
231324
231325
231326
231327
231328
231330
231331
231332
231333
231334
231335
231336
231337
231338
231339
231340
231341
231342
231343
231344
231345
231346
231347
231348
231349
231350
231351
231352
231353
231354
231355
231356
231357
231358
231359
231360
231361
231362
231363
231364
231366
231367
231368
231369
231370
231371
231372
231373
231374
231375
231376
231377
231378
231379
231380
231381
231382
231383
231384
231385
231386
231387
231388
231389
231390
231391
231392
231393
231394
231395
231396
231397
231398
231399
231400
231401
231402
231403
231404
231405
231406
231407
231408
231409
231410
231411
231412
231413
231414
231415
231416
231417
231418
231419
231420
231421
231422
231423
231424
231425
231426
231427
231428
231429
231430
231431
231432
231433
231434
231435
231436
231437
231438
231439
231440
231441
231442
231443
231444
231445
231446
231447
231448
231449
231450
231451
231452
231453
231454
231455
231456
231457
231458
231459
231460
231462
231463
231464
231465
231466
231467
231468
231469
231470
231471
231472
231473
231474
231475
231476
231477
231478
231480
231481
231482
231484
231485
231486
231487
231488
231489
231490
231491
231492
231493
231494
231495
231496
231497
231498
231499
231500
231501
231502
231503
231504
231505
231506
231507
231508
231509
231510
231511
231512
231513
231514
231515
231516
231517
231518
231519
231520
231521
231522
231523
231524
231525
231526
231527
231528
231529
231530
231531
231532
231533
231534
231536
231538
231539
231541
231542
231543
231544
231545
231546
231547
231548
231549
231550
231551
231552
231553
231554
231555
231556
231557
231558
231559
231560
231561
231562
231563
231564
231565
231566
231567
231568
231569
231570
231571
231572
231573
231574
231575
231576
231577
231578
231579
231580
231581
231582
231583
231584
231585
231586
231587
231588
231589
231590
231591
231592
231593
231594
231595
231596
231597
231598
231599
231600
231601
231602
231603
231604
231605
231606
231607
231608
231609
231610
231611
231612
231614
231616
231617
231618
231619
231620
231621
231622
231623
231624
231625
231626
231627
231628
231629
231631
231632
231633
231634
231635
231636
231637
231638
231639
231640
231641
231642
231643
231644
231646
231647
231648
231649
231650
231651
231652
231653
231654
231655
231656
231657
231658
231659
231660
231661
231662
231663
231664
231665
231666
231667
231668
231669
231670
231671
231672
231673
231674
231675
231676
231677
231678
231679
231680
231681
231682
231683
231684
231685
231686
231687
231688
231689
231690
231691
231692
231693
231694
231695
231696
231697
231698
231699
231700
231701
231703
231704
231705
231706
231707
231708
231709
231710
231711
231712
231713
231714
231715
231716
231717
231718
231719
231720
231721
231722
231723
231724
231725
231726
231728
231729
231730
231731
231732
231733
231734
231735
231736
231737
231738
231739
231740
231741
231742
231743
231744
231745
231746
231747
231748
231749
231750
231751
231752
231753
231755
231756
231757
231758
231759
231760
231761
231762
231764
231765
231766
231767
231768
231769
231770
231771
231772
231773
231774
231775
231776
231777
231778
231779
231780
231781
231782
231785
231786
231787
231788
231789
231790
231791
231792
231793
231794
231795
231796
231797
231798
231799
231800
231801
231802
231803
231804
231805
231806
231807
231808
231809
231810
231811
231812
231813
231814
231815
231816
231817
231818
231819
231820
231821
231822
231823
231824
231825
231826
231827
231828
231829
231830
231831
231832
231833
231834
231835
231836
231837
231838
231839
231840
231841
231842
231843
231844
231845
231846
231847
231848
231849
231850
231851
231852
231853
231854
231855
231856
231857
231858
231859
231860
231861
231862
231863
231864
231865
231866
231867
231868
231869
231870
231871
231872
231873
231874
231875
231876
231877
231878
231879
231880
231881
231882
231883
231884
231885
231886
231887
231889
231891
231892
231893
231894
231895
231896
231897
231898
231899
231902
231903
231904
231906
231907
231908
231909
231911
231912
231913
231914
231915
231916
231917
231918
231919
231920
231921
231922
231923
231924
231925
231926
231927
231928
231929
231930
231931
231932
231933
231934
231935
231936
231937
231938
231939
231940
231941
231942
231943
231944
231945
231946
231947
231948
231949
231950
231951
231952
231953
231954
231955
231956
231957
231958
231959
231960
231961
231962
231963
231964
231965
231966
231967
231968
231969
231970
231971
231972
231973
231974
231975
231976
231978
231979
231980
231981
231982
231983
231984
231985
231986
231987
231988
231989
231990
231991
231992
231993
231994
231995
231996
231997
231998
231999
232000
232001
232002
232003
232004
232005
232006
232007
232008
232009
232010
232011
232012
232013
232014
232015
232016
232017
232018
232019
232020
232021
232022
232023
232024
232025
232026
232027
232028
232029
232030
232031
232032
232033
232034
232035
232036
232037
232038
232039
232040
232041
232042
232044
232045
232046
232047
232048
232049
232050
232051
232052
232053
232054
232055
232056
232057
232058
232059
232060
232061
232062
232063
232064
232065
232066
232067
232068
232071
232073
232074
232075
232077
232078
232079
232080
232081
232082
232083
232084
232085
232086
232087
232088
232089
232090
232091
232092
232093
232094
232095
232096
232097
232098
232099
232100
232101
232102
232103
232104
232105
232106
232107
232108
232110
232111
232112
232113
232114
232115
232116
232117
232119
232120
232121
232122
232123
232124
232126
232127
232128
232129
232130
232131
232132
232133
232134
232138
232139
232140
232141
232142
232143
232144
232145
232147
232148
232149
232150
232151
232152
232154
232156
232157
232158
232159
232160
232161
232163
232164
232165
232166
232167
232168
232171
232172
232173
232174
232175
232176
232177
232178
232179
232180
232181
232182
232183
232184
232185
232186
232187
232188
232189
232190
232191
232192
232193
232194
232195
232196
232197
232198
232199
232200
232201
232202
232203
232204
232205
232206
232207
232208
232209
232210
232211
232213
232215
232216
232217
232218
232219
232220
232221
232222
232223
232224
232225
232226
232227
232228
232229
232230
232231
232232
232233
232234
232236
232237
232238
232239
232240
232242
232243
232244
232245
232246
232247
232248
232249
232250
232251
232252
232253
232254
232255
232256
232258
232259
232260
232261
232262
232263
232264
232265
232266
232267
232268
232269
232270
232271
232272
232273
232274
232275
232276
232277
232278
232279
232280
232281
232282
232283
232284
232285
232286
232287
232288
232289
232290
232291
232292
232293
232294
232295
232296
232298
232299
232300
232301
232302
232303
232304
232305
232306
232307
232308
232309
232311
232312
232313
232314
232315
232316
232318
232319
232320
232321
232323
232324
232325
232326
232328
232330
232331
232332
232333
232334
232335
232336
232337
232338
232339
232340
232341
232342
232343
232344
232345
232346
232347
232348
232349
232350
232351
232352
232353
232354
232355
232356
232357
232358
232359
232360
232361
232362
232363
232364
232366
232367
232368
232369
232370
232371
232372
232373
232374
232376
232377
232379
232380
232381
232382
232383
232384
232385
232386
232387
232388
232389
232390
232391
232392
232393
232394
232395
232396
232399
232400
232401
232402
232403
232404
232405
232406
232407
232408
232409
232410
232411
232412
232413
232414
232415
232416
232417
232418
232419
232420
232421
232423
232424
232425
232426
232427
232428
232430
232431
232432
232434
232435
232436
232437
232438
232439
232440
232441
232442
232443
232444
232445
232446
232447
232448
232449
232450
232451
232452
232453
232454
232456
232458
232459
232460
232462
232463
232464
232465
232466
232467
232468
232469
232470
232471
232472
232473
232474
232475
232477
232478
232480
232481
232482
232484
232485
232486
232487
232488
232489
232490
232491
232492
232493
232494
232495
232496
232497
232498
232499
232500
232501
232502
232504
232505
232506
232507
232508
232510
232511
232512
232513
232514
232515
232516
232517
232518
232519
232520
232521
232522
232523
232524
232525
232526
232527
232528
232529
232530
232531
232532
232533
232534
232536
232538
232539
232541
232542
232543
232544
232545
232546
232547
232548
232549
232550
232551
232552
232553
232554
232556
232557
232558
232559
232561
232562
232563
232564
232565
232566
232567
232568
232569
232571
232572
232573
232574
232575
232576
232577
232578
232579
232580
232581
232582
232583
232584
232585
232586
232587
232588
232589
232591
232592
232593
232594
232595
232596
232597
232598
232599
232600
232601
232602
232603
232604
232605
232606
232607
232608
232610
232611
232612
232614
232616
232617
232618
232619
232620
232621
232622
232623
232624
232625
232626
232627
232628
232629
232631
232632
232633
232634
232635
232636
232637
232638
232639
232641
232642
232643
232644
232646
232647
232648
232649
232651
232652
232653
232654
232655
232656
232657
232658
232659
232660
232661
232662
232663
232664
232665
232666
232667
232668
232669
232670
232671
232672
232673
232675
232676
232678
232679
232680
232681
232682
232684
232685
232686
232687
232688
232689
232690
232691
232693
232694
232695
232696
232697
232698
232699
232700
232702
232703
232704
232705
232706
232707
232709
232710
232711
232712
232713
232714
232715
232716
232718
232719
232720
232721
232723
232724
232725
232726
232728
232729
232730
232731
232732
232733
232735
232736
232737
232738
232739
232740
232741
232742
232743
232744
232745
232746
232747
232748
232749
232750
232752
232753
232754
232755
232756
232757
232758
232759
232761
232762
232764
232765
232766
232767
232768
232769
232770
232771
232772
232773
232774
232775
232776
232777
232779
232780
232781
232782
232785
232786
232788
232790
232791
232792
232793
232794
232795
232796
232797
232798
232799
232800
232801
232802
232803
232804
232805
232806
232807
232808
232809
232810
232811
232814
232815
232816
232817
232818
232819
232820
232821
232822
232823
232824
232825
232826
232827
232828
232829
232830
232831
232832
232833
232834
232835
232836
232837
232838
232839
232840
232841
232842
232844
232845
232846
232847
232848
232849
232850
232851
232852
232853
232854
232856
232857
232858
232859
232860
232861
232862
232863
232864
232865
232866
232867
232868
232869
232870
232871
232872
232873
232874
232875
232876
232877
232878
232879
232880
232881
232882
232883
232884
232885
232886
232887
232889
232891
232892
232893
232894
232895
232896
232897
232898
232900
232901
232902
232903
232904
232905
232906
232907
232908
232910
232911
232912
232913
232914
232915
232916
232917
232918
232919
232920
232921
232922
232923
232924
232925
232926
232927
232928
232929
232930
232931
232933
232934
232935
232936
232937
232938
232939
232940
232941
232942
232943
232944
232945
232946
232947
232948
232949
232950
232951
232952
232953
232954
232955
232956
232957
232958
232959
232960
232961
232962
232964
232965
232966
232967
232968
232969
232970
232971
232972
232973
232974
232975
232976
232979
232980
232981
232982
232984
232985
232986
232987
232988
232989
232990
232991
232992
232993
232994
232995
232996
232997
232998
232999
233000
233001
233002
233003
233004
233005
233006
233007
233008
233009
233010
233011
233013
233014
233015
233016
233017
233018
233019
233022
233023
233026
233028
233029
233030
233032
233033
233034
233035
233036
233037
233038
233039
233040
233041
233042
233044
233045
233046
233047
233051
233052
233053
233054
233055
233056
233057
233060
233061
233062
233063
235001
235002
235003
235004
235005
235006
235007
235008
235009
235010
235011
235012
235013
235014
235015
235016
235017
235018
235019
235020
235021
235023
235025
235026
235027
235029
235030
235031
235032
235033
235034
235035
235036
235037
235038
235039
235040
235041
235042
235043
235044
235045
235046
235048
235049
235050
235055
235056
235068
235069
235070
235071
235072
235073
235074
235075
235076
235077
235078
235079
235080
235081
235082
235083
235084
235085
235086
235087
235088
235089
235090
235091
235092
235093
235095
235096
235097
235098
235099
235100
235101
235102
235103
235104
235105
235106
235107
235108
235109
235110
235111
235113
235114
235115
235116
235117
235118
235119
235121
235122
235123
235124
235125
235126
235127
235128
235129
235130
235131
235132
235133
235134
235135
235136
235137
235138
235139
235140
235141
235142
235143
235144
235145
235146
235147
235148
235149
235151
235152
235153
235154
235155
235156
235158
235160
235161
235162
235163
235164
235165
235166
235167
235168
235169
235170
235171
235172
235173
235174
235175
235177
235178
235179
235180
235182
235183
235184
235185
235186
235187
235188
235189
235190
235191
235192
235193
235195
235196
235197
235198
235199
235200
235201
235202
235203
235204
235205
235206
235207
235208
235209
235210
235211
235212
235213
235214
235215
235216
235217
235218
235219
235220
235221
235222
235223
235224
235225
235226
235227
235228
235229
235230
235231
235232
235233
235234
235235
235236
235237
235238
235239
235240
235241
235243
235244
235245
235246
235247
235248
235249
235250
235251
235256
235257
235258
235259
235260
235261
235262
235263
235264
235265
235266
235267
235268
235269
235270
235271
235272
235273
235274
235275
235276
235277
235278
235279
235280
235281
235282
235283
235284
235285
235286
235287
235291
235292
235293
235295
235297
235298
235299
235300
235302
235303
235304
235305
235306
235307
235308
235309
235310
235311
235312
235313
235314
235316
235317
235318
235319
235322
235323
235324
235325
235326
235327
235328
235329
235330
235331
235332
235333
235334
235335
235336
235337
235338
235354
235356
235357
235358
235359
235360
235361
235362
235363
235364
235365
235366
235367
235368
235369
235370
235371
235372
235373
235374
235375
235376
235377
235378
235380
235381
235382
235383
235385
235386
235387
235388
235389
235390
235391
235394
235395
235396
235397
235398
235399
235400
235401
235402
235403
235404
235405
235406
235407
235409
235410
235411
235412
235413
235415
235416
235417
235418
235419
235420
235421
235422
235423
235424
235425
235426
235427
235428
235431
235432
235434
235435
235436
235438
235441
235442
235443
235444
235445
235447
235448
235449
235450
235451
235452
235453
235454
235455
235456
235457
235458
235459
235461
235463
235464
235465
235466
235467
235468
235469
235470
235471
235472
235473
235474
235475
235477
235479
235480
235482
235483
235485
235486
235487
235490
235492
235493
235494
235495
235499
235502
235520
235530
235531
235558
235596
235608
235701
235721
235752
235807
235846
235881
235940
235953
235980
236019
236020
236036
236050
236055
236095
236116
236117
236118
236134
236181
236183
236220
236241
236247
236293
236301
236303
236315
236316
236317
236320
236322
236323
236329
236330
236333
236352
236361
236396
236398
236437
236446
236448
236449
236457
236471
236472
236526
236537
236538
236550
236554
236569
236597
236600
236639
236682
236691
236695
236710
236727
236730
236739
236743
236754
236773
236799
236805
236806
236825
236828
236829
236830
236831
236852
236854
236856
236873
236880
236919
236958
236986
237004
237007
237009
237011
237014
237015
237018
237036
237039
237043
237045
237046
237047
237057
237060
237112
237113
237141
237157
237175
237181
237188
237199
237216
237218
237220
237223
237224
237226
237228
237230
237232
237233
237239
237256
237257
237265
237324
237354
237355
237368
237369
237370
237371
237372
237373
237382
237385
237392
237401
237402
237405
237411
237412
237413
237416
237419
237420
237441
237457
237458
237459
237460
237471
237484
237490
237493
237500
237501
237531
237540
237571
237574
237577
237582
237593
237602
237606
237611
237615
237617
237619
237625
237633
237634
237642
237643
237647
237648
237649
237651
237656
237658
237693
237694
237696
237718
237730
237731
237740
237741
237743
237761
237766
237767
237768
237770
237773
237774
237776
237779
237780
237785
237787
237790
237791
237792
237793
237794
237795
237796
237797
237799
237805
237807
237810
237811
237812
237813
237814
237815
237816
237817
237822
237824
237829
237830
237831
237832
237835
237836
237843
237849
237850
237851
237852
237853
237854
237855
237856
237857
237859
237861
237862
237863
237868
237869
237870
237872
237873
237874
237877
237878
237879
237880
237881
237882
237886
237887
237888
237889
237893
237895
237896
237897
237898
237900
237901
237903
237904
237905
237907
237908
237909
237912
237922
237924
237925
237926
237929
237930
237933
237934
237937
237939
237941
237942
237943
237944
237945
237946
237947
237948
237949
237950
237952
237953
237954
237956
237957
237958
237959
237960
237962
237963
237964
237965
237966
237967
237968
237969
237971
237972
237974
237975
237976
237977
237978
237979
237980
237981
237984
237985
237986
237987
237988
237989
237990
237991
237992
237993
237994
237995
237996
237997
237999
238000
238001
238002
238004
238005
238007
238008
238009
238010
238011
238012
238013
238014
238016
238017
238018
238020
238022
238024
238025
238028
238029
238030
238031
238032
238033
238034
238038
238039
238040
238041
238042
238043
238044
238045
238046
238047
238049
238050
238051
238053
238054
238056
238060
238061
238062
238066
238067
238069
238070
238071
238073
238074
238075
238076
238077
238078
238079
238080
238082
238085
238086
238087
238088
238089
238091
238092
238093
238094
238095
238096
238097
238098
238099
238101
238102
238104
238106
238107
238111
238112
238113
238114
238115
238116
238118
238119
238120
238121
238124
238125
238126
238127
238128
238129
238130
238131
238132
238133
238134
238136
238137
238138
238139
238140
238142
238148
238150
238151
238152
238153
238154
238155
238157
238158
238159
238163
238164
238165
238167
238176
238188
238189
238190
238192
238194
238195
238197
238200
238201
238204
238205
238212
238213
238216
238223
238235
238237
238239
238241
238242
238244
238245
238248
238249
238250
238252
238254
238255
238256
238257
238258
238259
238260
238263
238266
238267
238268
238269
238271
238273
238274
238276
238279
238281
238282
238283
238284
238285
238286
238287
238288
238289
238291
238292
238293
238294
238295
238296
238297
238298
238300
238301
238304
238307
238308
238309
238310
238311
238314
238315
238318
238319
238320
238321
238322
238323
238324
238326
238327
238328
238329
238330
238332
238333
238334
238335
238336
238337
238338
238339
238340
238343
238344
238345
238349
238350
238351
238353
238354
238355
238356
238357
238358
238360
238361
238363
238365
238366
238367
238369
238370
238371
238372
238373
238374
238375
238376
238377
238379
238381
238382
238383
238384
238385
238386
238387
238388
238390
238391
238392
238393
238394
238395
238396
238397
238399
238401
238402
238404
238405
238407
238409
238410
238414
238415
238416
238417
238418
238419
238422
238423
238425
238426
238429
238430
238432
238433
238435
238436
238437
238440
238441
238442
238443
238444
238445
238446
238447
238448
238449
238450
238451
239997
239998
240111
240112
240115
240116
240118
240119
240120
240121
240122
240123
240124
240125
240126
240127
240130
240131
240132
240134
240135
240136
236374
236375
236566
238312
238313
240138
240143
240144
240145
240146
240147
240148
240149
240151
240152
241000
241001
241003
241004
242001
242002
242007
242023
242024
242042
242043
242062
242065
242067
242068
242069
242070
242071
242072
242074
242076
242077
242078
242079
242081
242082
242084
242085
242086
242089
242090
242091
242092
242093
242095
242096
242099
242100
242101
242110
242111
242113
242114
242117
242119
242120
242122
242123
242109
